LxL 체스판, (1,1) 시작
빈칸, 함정, 벽으로 구성, 체스판 밖도 벽

각 기사는 자신의 마력으로 적을 밀쳐냄
기사 초기 위치 (r,c), 방패 소유, hxw 크기의 직사각형 형태를 띈다.
각 기사 체력은 k

1) 기사 이동
- 상하좌우로 한 칸 이동
- 다른 기사가 있다면, 그 기사는 연쇄적으로 한 칸 밀려남
- 만약 기사가 이동하려는 방향의 끝에 벽이 있다면 모든 기사는 이동할 수 없게 됩니다.
- 체스판에서 사라진 기사는 아무런 반응이 없음

2) 대결 대미지
- 기사가 밀리면 wxh 직사각형에 놓여 있는 함정의 수 만큼 피해를 받음
- 체력이 깍이며, 소진시 사라짐
- 명령을 받은 기사는 피해 안 받음
- 기사들은 모두 밀린 이후에 데미지를 입음
- 함정이 없다면 피해 안입음

Q번에 걸쳐 명령이 주어진 후에, 생존 기사들이 받은 대미지 총 합 출력

<입력 형식>
첫줄에 L, N, Q (체스판 크기, 기사들 수, 명령 수)
다음 L줄에 걸쳐 LxL 체스판 정보 주어짐
- 0 빈칸, 1 함정, 2 벽
다음 N줄에 걸쳐 초기 기사들 정보 주어짐
- (r, c, h, w, k) : 기사 위치 좌상단(r,c), 직사각 형태 (h,w), 초기 체력 k
- 1~N번 기사까지 순서대로 주어짐

처음 주어지는 기사들의 위치는 겹치지 않는다. (벽도 마찬가지)

다음 Q줄에 걸쳐 명령 주어짐
- (i, d) : i번째 기사에게 방향 d로 한 칸 이동. 
- 이미 사라진 기사 번호가 주어질 수도 있음. 
- d = {0,1,2,3} = 상우하좌

<출력 형식>
Q개의 명령 진행된 후, 생존한 기사들이 총 받은 대미지 합 출력

4 3 3
0 0 1 0
0 0 1 0
1 1 0 1
0 0 2 0
1 2 2 1 5
2 1 2 1 1
3 2 1 2 3
1 2
2 1
3 3

4 2 100
2 0 0 1
2 1 1 2
0 1 0 0
1 1 0 0
3 1 1 1 7
4 4 1 1 3
2 1
2 2
1 3
2 1
2 2
1 1
1 3
2 0
1 0
2 2
1 1
2 0
2 1
2 1
1 2
2 0
1 1
1 0
1 0
2 0
1 2
2 3
2 2
1 2
1 0
1 1
2 2
1 1
2 0
1 1
1 2
2 0
1 1
1 1
2 1
2 0
2 1
1 2
2 1
2 0
2 0
1 0
1 0
2 3
2 0
2 2
2 1
2 1
1 1
1 3
2 2
1 3
1 1
1 0
1 1
1 3
1 0
2 0
2 1
2 1
2 1
2 2
1 1
2 2
1 1
1 1
1 0
2 3
1 2
2 3
1 1
2 2
2 0
2 0
1 3
2 3
1 1
2 3
2 1
1 3
1 1
1 3
1 2
1 3
1 2
2 3
1 1
2 1
1 1
1 0
1 1
2 1
2 2
2 1
1 1
1 0
1 2
1 1
2 0
2 0


10 2 100
1 0 0 1 1 0 0 0 1 2
1 0 1 1 1 0 1 1 1 1
0 0 2 1 1 0 1 0 1 1
0 1 0 1 1 0 1 1 0 1
1 0 1 0 0 0 1 0 2 0
0 1 2 2 1 0 0 1 2 2
0 0 1 0 2 1 1 1 2 2
0 1 0 0 1 1 1 0 0 0
1 0 1 0 0 0 1 0 1 2
1 1 0 2 1 2 1 0 2 2
9 3 1 5 69
4 6 5 3 33
2 1
1 2
1 2
1 2
1 2
1 0
2 2
1 3
2 1
1 3
1 1
2 3
1 2
1 3
1 2
1 3
2 3
1 2
2 3
2 3
2 3
1 0
2 0
2 2
2 2
1 3
1 0
1 1
1 1
1 3
2 2
2 3
1 2
2 2
2 1
1 2
2 1
2 1
1 0
1 3
1 3
1 0
1 1
1 0
1 2
1 1
1 0
2 0
2 2
1 0
1 0
1 2
1 0
2 3
2 0
2 1
1 2
1 3
2 2
2 0
2 0
1 0
1 0
1 3
1 3
2 0
2 0
2 3
2 1
2 3
1 2
1 0
1 2
1 3
1 2
1 1
2 3
2 0
2 0
1 3
2 2
1 0
2 2
2 1
2 3
2 0
2 1
1 1
1 3
1 0
2 2
1 0
2 0
2 2
2 2
1 0
1 2
1 2
1 1
1 0


6 7 10
1 0 2 0 2 0
1 1 1 0 1 1
2 0 0 2 0 0
1 0 1 0 1 1
0 1 0 1 0 1
0 0 1 1 0 1
4 6 1 1 4
3 6 1 1 1
5 5 1 2 3
3 5 2 1 2
6 6 1 1 3
2 4 1 2 2
6 1 1 2 4
4 1
7 0
4 2
1 0
7 1
4 1
2 3
3 2
1 2
1 1
















